-9.25000000026491 212
-9.166388889153799 213
-9.082777778042688 216
-8.999166666931576 216
-8.910833333598243 215
-8.827222222487132 216
-8.74361111137602 216
-8.66000000026491 216
-8.5763888891538 217
-8.492777778042687 212
-8.409166666931576 213
-8.325555555820465 213
-8.241944444709354 213
-8.158333333598243 211
-8.074722222487132 216
-7.9911111113760205 216
-7.903055555820465 213
-7.819444444709354 214
-7.735833333598243 213
-7.652222222487132 215
-7.568611111376021 214
-7.485000000264909 215
-7.4013888891537984 213
-7.317777778042688 214
-7.234166666931576 213
-7.150555555820465 212
-7.066944444709354 211
-6.983333333598243 203
-6.895277778042687 209
-6.811666666931576 213
-6.728055555820465 210
-6.644444444709354 212
-6.560833333598243 210
-6.477222222487132 209
-6.39361111137602 210
-6.3100000002649095 213
-6.226388889153799 208
-6.142777778042687 212
-6.059166666931576 210
-5.975555555820465 212
-5.887222222487131 206
-5.8036111113760205 210
-5.72000000026491 205
-5.636388889153799 205
-5.552777778042687 210
-5.469166666931576 210
-5.385555555820465 210
-5.3019444447093536 209
-5.218333333598243 212
-5.134722222487132 213
-5.051111111376021 214
-4.967500000264909 209
-4.8755555558204655 208
-4.791944444709354 209
-4.708333333598243 204
-4.624722222487132 202
-4.54111111137602 210
-4.4575000002649094 210
-4.373888889153799 211
-4.290277778042688 207
-4.206666666931576 208
-4.123055555820465 209
-4.039444444709354 209
-3.955833333598243 206
-3.8677777780426874 206
-3.784166666931576 207
-3.7005555558204652 199
-3.616944444709354 200
-3.533333333598243 203
-3.449722222487132 207
-3.3661111113760205 205
-3.2825000002649096 208
-3.1988888891537983 210
-3.1152777780426875 207
-3.031666666931576 202
-2.9480555558204653 202
-2.859722222487132 207
-2.7761111113760206 204
-2.6925000002649093 212
-2.6088888891537985 205
-2.525277778042687 205
-2.4416666669315763 203
-2.358055555820465 209
-2.274444444709354 207
-2.190833333598243 206
-2.1072222224871315 205
-2.0236111113760207 204
-1.9400000002649096 203
-1.851944444709354 199
-1.768333333598243 209
-1.6847222224871317 207
-1.6011111113760206 208
-1.5175000002649095 206
-1.4338888891537984 208
-1.3502777780426873 207
-1.2666666669315763 206
-1.1830555558204652 200
-1.0994444447093539 207
-1.0158333335982428 209
-0.9322222224871317 208
-0.8441666669315762 205
-0.7605555558204651 205
-0.676944444709354 204
-0.5933333335982429 209
-0.5097222224871317 208
-0.42611111137602065 210
-0.3425000002649095 205
-0.25888888915379843 206
-0.17527777804268732 204
-0.0916666669315762 209
-0.008055555820465087 209
0.07555555529064602 208
0.16388888862397935 212
0.24749999973509046 212
0.3311111108462016 208
0.4147222219573127 207
0.4983333330684238 208
0.581944444179535 212
0.665555555290646 208
0.7491666664017571 205
0.8327777775128683 204
0.9163888886239794 205
0.9999999997350905 210
1.0836111108462017 209
1.1716666664017572 209
1.2552777775128683 207
1.3388888886239794 210
1.4224999997350904 210
1.5061111108462015 211
1.5897222219573126 211
1.673333333068424 208
1.756944444179535 212
1.840555555290646 208
1.9241666664017572 211
2.0077777775128682 215
2.0913888886239795 217
2.179444444179535 217
2.263055555290646 214
2.3466666664017573 214
2.430277777512868 212
2.5138888886239794 213
2.5974999997350903 216
2.6811111108462016 211
2.764722221957313 215
2.8483333330684237 216
2.931944444179535 215
3.015555555290646 215
3.099166666401757 212
3.1874999997350906 211
3.2711111108462014 216
3.3547222219573127 217
3.4383333330684236 217
3.521944444179535 213
3.605555555290646 217
3.689166666401757 218
3.7727777775128684 211
3.856388888623979 212
3.9399999997350905 216
4.023611110846201 214
4.107222221957313 218
4.195277777512868 218
4.278888888623979 216
4.362499999735091 215
4.446111110846202 217
4.5297222219573126 214
4.613333333068423 215
4.696944444179535 216
4.780555555290646 215
4.864166666401757 210
4.947777777512869 215
5.0313888886239795 217
5.11499999973509 216
5.203055555290646 211
5.286666666401757 211
5.370277777512868 215
5.453888888623979 214
5.537499999735091 213
5.6211111108462015 212
5.704722221957312 212
5.788333333068424 216
5.871944444179535 212
5.955555555290646 209
6.039166666401757 213
6.1227777775128684 216
6.210833333068424 214
6.294444444179535 209
6.378055555290646 214
6.461666666401757 215
6.545277777512868 208
6.62888888862398 216
6.7124999997350905 205
6.796111110846201 211
6.879722221957313 218
6.963333333068424 214
7.046944444179535 213
7.130555555290646 216
7.2188888886239795 218
7.30249999973509 216
7.386111110846201 206
7.469722221957313 212
7.553333333068424 214
7.636944444179535 218
7.720555555290646 211
7.804166666401757 217
7.887777777512868 220
7.971388888623979 213
8.05499999973509 210
8.1386111108462 212
8.226666666401757 209
8.310277777512868 216
8.39388888862398 218
8.477499999735091 215
8.561111110846202 216
8.644722221957313 218
8.728333333068424 217
8.811944444179534 218
8.895555555290645 215
8.979166666401758 212
9.062777777512869 215
9.14638888862398 214
9.234444444179536 218
9.318055555290647 220
9.401666666401757 217
9.485277777512868 217
9.56888888862398 214
9.65249999973509 216
9.7361111108462 213
9.819722221957313 192
9.903333333068424 216
9.986944444179535 216
10.070555555290646 200
10.154166666401757 212
10.24249999973509 214
10.3261111108462 216
10.409722221957313 218
10.493333333068424 218
10.576944444179535 216
10.660555555290646 216
10.744166666401757 217
10.827777777512868 213
10.911388888623978 214
10.994999999735091 217
11.078611110846202 216
11.162222221957313 218
11.250277777512869 220
11.33388888862398 215
11.41749999973509 218
11.501111110846201 216
11.584722221957312 219
11.668333333068423 215
11.751944444179536 218
11.835555555290647 216
11.919166666401757 213
12.002777777512868 215
12.08638888862398 218
12.16999999973509 217
12.258055555290646 216
12.341666666401757 216
12.425277777512868 213
12.508888888623979 214
12.592499999735091 219
12.676111110846202 214
12.759722221957313 216
12.843333333068424 215
12.926944444179535 216
13.010555555290646 216
13.094166666401756 212
13.177777777512869 217
13.265833333068423 215
13.349444444179534 216
13.433055555290647 214
13.516666666401758 212
13.600277777512868 215
13.68388888862398 215
13.76749999973509 213
13.851111110846201 205
13.934722221957312 196
14.018333333068425 196
14.101944444179535 196
14.185555555290646 191
14.273611110846202 192
14.357222221957313 192
14.440833333068424 198
14.524444444179535 209
14.608055555290646 211
14.691666666401757 213
14.775277777512867 215
14.858888 215
